
 PRINT U    NODAL SOLUTION PER NODE
 
  ***** POST1 NODAL DEGREE OF FREEDOM LISTING *****                            
 
  LOAD STEP=     1  SUBSTEP=     1                                             
   TIME=    1.0000      LOAD CASE=   0                                         
 
  THE FOLLOWING DEGREE OF FREEDOM RESULTS ARE IN THE GLOBAL COORDINATE SYSTEM  
 
    NODE      UX          UY          UZ          USUM  
       1   0.0000      0.0000      0.0000      0.0000    
       2  0.24856     0.34957E-01  0.0000     0.25100    
       3  0.17292E-01 0.10409E-01  0.0000     0.20183E-01
       4  0.30700E-01 0.16488E-01  0.0000     0.34848E-01
       5  0.42944E-01 0.21042E-01  0.0000     0.47822E-01
       6  0.54787E-01 0.24412E-01  0.0000     0.59980E-01
       7  0.66480E-01 0.26967E-01  0.0000     0.71741E-01
       8  0.78141E-01 0.28907E-01  0.0000     0.83317E-01
       9  0.89834E-01 0.30375E-01  0.0000     0.94830E-01
      10  0.10159     0.31477E-01  0.0000     0.10636    
      11  0.11343     0.32297E-01  0.0000     0.11794    
      12  0.12535     0.32898E-01  0.0000     0.12960    
      13  0.13737     0.33334E-01  0.0000     0.14136    
      14  0.14947     0.33647E-01  0.0000     0.15321    
      15  0.16166     0.33872E-01  0.0000     0.16517    
      16  0.17392     0.34040E-01  0.0000     0.17722    
      17  0.18625     0.34176E-01  0.0000     0.18936    
      18  0.19864     0.34300E-01  0.0000     0.20158    
      19  0.21108     0.34430E-01  0.0000     0.21387    
      20  0.22356     0.34581E-01  0.0000     0.22622    
      21  0.23605     0.34759E-01  0.0000     0.23860    
      22  0.24856    -0.34957E-01  0.0000     0.25100    
      23  0.24835     0.31583E-01  0.0000     0.25035    
      24  0.24813     0.28205E-01  0.0000     0.24973    
      25  0.24788     0.24806E-01  0.0000     0.24912    
      26  0.24762     0.21373E-01  0.0000     0.24854    
      27  0.24736     0.17900E-01  0.0000     0.24800    
      28  0.24711     0.14383E-01  0.0000     0.24753    
      29  0.24690     0.10826E-01  0.0000     0.24714    
      30  0.24674     0.72371E-02  0.0000     0.24685    
      31  0.24664     0.36246E-02  0.0000     0.24666    
      32  0.24660    -0.58495E-14  0.0000     0.24660    
      33  0.24664    -0.36246E-02  0.0000     0.24666    
      34  0.24674    -0.72371E-02  0.0000     0.24685    
      35  0.24690    -0.10826E-01  0.0000     0.24714    
      36  0.24711    -0.14383E-01  0.0000     0.24753    
      37  0.24736    -0.17900E-01  0.0000     0.24800    
 
  ***** POST1 NODAL DEGREE OF FREEDOM LISTING *****                            
 
  LOAD STEP=     1  SUBSTEP=     1                                             
   TIME=    1.0000      LOAD CASE=   0                                         
 
  THE FOLLOWING DEGREE OF FREEDOM RESULTS ARE IN THE GLOBAL COORDINATE SYSTEM  
 
    NODE      UX          UY          UZ          USUM  
      38  0.24762    -0.21373E-01  0.0000     0.24854    
      39  0.24788    -0.24806E-01  0.0000     0.24912    
      40  0.24813    -0.28205E-01  0.0000     0.24973    
      41  0.24835    -0.31583E-01  0.0000     0.25035    
      42   0.0000      0.0000      0.0000      0.0000    
      43  0.23605    -0.34759E-01  0.0000     0.23860    
      44  0.22356    -0.34581E-01  0.0000     0.22622    
      45  0.21108    -0.34430E-01  0.0000     0.21387    
      46  0.19864    -0.34300E-01  0.0000     0.20158    
      47  0.18625    -0.34176E-01  0.0000     0.18936    
      48  0.17392    -0.34040E-01  0.0000     0.17722    
      49  0.16166    -0.33872E-01  0.0000     0.16517    
      50  0.14947    -0.33647E-01  0.0000     0.15321    
      51  0.13737    -0.33334E-01  0.0000     0.14136    
      52  0.12535    -0.32898E-01  0.0000     0.12960    
      53  0.11343    -0.32297E-01  0.0000     0.11794    
      54  0.10159    -0.31477E-01  0.0000     0.10636    
      55  0.89834E-01-0.30375E-01  0.0000     0.94830E-01
      56  0.78141E-01-0.28907E-01  0.0000     0.83317E-01
      57  0.66480E-01-0.26967E-01  0.0000     0.71741E-01
      58  0.54787E-01-0.24412E-01  0.0000     0.59980E-01
      59  0.42944E-01-0.21042E-01  0.0000     0.47822E-01
      60  0.30700E-01-0.16488E-01  0.0000     0.34848E-01
      61  0.17292E-01-0.10409E-01  0.0000     0.20183E-01
      62   0.0000      0.0000      0.0000      0.0000    
      63   0.0000      0.0000      0.0000      0.0000    
      64   0.0000      0.0000      0.0000      0.0000    
      65   0.0000      0.0000      0.0000      0.0000    
      66   0.0000      0.0000      0.0000      0.0000    
      67   0.0000      0.0000      0.0000      0.0000    
      68   0.0000      0.0000      0.0000      0.0000    
      69   0.0000      0.0000      0.0000      0.0000    
      70   0.0000      0.0000      0.0000      0.0000    
      71   0.0000      0.0000      0.0000      0.0000    
      72   0.0000      0.0000      0.0000      0.0000    
      73   0.0000      0.0000      0.0000      0.0000    
      74   0.0000      0.0000      0.0000      0.0000    
 
  ***** POST1 NODAL DEGREE OF FREEDOM LISTING *****                            
 
  LOAD STEP=     1  SUBSTEP=     1                                             
   TIME=    1.0000      LOAD CASE=   0                                         
 
  THE FOLLOWING DEGREE OF FREEDOM RESULTS ARE IN THE GLOBAL COORDINATE SYSTEM  
 
    NODE      UX          UY          UZ          USUM  
      75   0.0000      0.0000      0.0000      0.0000    
      76   0.0000      0.0000      0.0000      0.0000    
      77   0.0000      0.0000      0.0000      0.0000    
      78   0.0000      0.0000      0.0000      0.0000    
      79   0.0000      0.0000      0.0000      0.0000    
      80   0.0000      0.0000      0.0000      0.0000    
      81  0.12866E-01 0.68334E-02  0.0000     0.14568E-01
      82  0.11961E-01 0.52010E-02  0.0000     0.13043E-01
      83  0.11528E-01 0.41452E-02  0.0000     0.12250E-01
      84  0.11314E-01 0.33302E-02  0.0000     0.11794E-01
      85  0.11192E-01 0.26475E-02  0.0000     0.11501E-01
      86  0.11119E-01 0.20456E-02  0.0000     0.11306E-01
      87  0.11074E-01 0.14959E-02  0.0000     0.11175E-01
      88  0.11047E-01 0.98026E-03  0.0000     0.11090E-01
      89  0.11032E-01 0.48524E-03  0.0000     0.11043E-01
      90  0.11028E-01-0.22114E-15  0.0000     0.11028E-01
      91  0.11032E-01-0.48524E-03  0.0000     0.11043E-01
      92  0.11047E-01-0.98026E-03  0.0000     0.11090E-01
      93  0.11074E-01-0.14959E-02  0.0000     0.11175E-01
      94  0.11119E-01-0.20456E-02  0.0000     0.11306E-01
      95  0.11192E-01-0.26475E-02  0.0000     0.11501E-01
      96  0.11314E-01-0.33302E-02  0.0000     0.11794E-01
      97  0.11528E-01-0.41452E-02  0.0000     0.12250E-01
      98  0.11961E-01-0.52010E-02  0.0000     0.13043E-01
      99  0.12866E-01-0.68334E-02  0.0000     0.14568E-01
     100  0.26550E-01 0.13205E-01  0.0000     0.29652E-01
     101  0.24486E-01 0.10344E-01  0.0000     0.26582E-01
     102  0.23567E-01 0.82755E-02  0.0000     0.24978E-01
     103  0.23064E-01 0.66463E-02  0.0000     0.24003E-01
     104  0.22772E-01 0.52782E-02  0.0000     0.23375E-01
     105  0.22591E-01 0.40744E-02  0.0000     0.22955E-01
     106  0.22477E-01 0.29776E-02  0.0000     0.22673E-01
     107  0.22407E-01 0.19504E-02  0.0000     0.22492E-01
     108  0.22369E-01 0.96524E-03  0.0000     0.22390E-01
     109  0.22357E-01-0.46391E-15  0.0000     0.22357E-01
     110  0.22369E-01-0.96524E-03  0.0000     0.22390E-01
     111  0.22407E-01-0.19504E-02  0.0000     0.22492E-01
 
  ***** POST1 NODAL DEGREE OF FREEDOM LISTING *****                            
 
  LOAD STEP=     1  SUBSTEP=     1                                             
   TIME=    1.0000      LOAD CASE=   0                                         
 
  THE FOLLOWING DEGREE OF FREEDOM RESULTS ARE IN THE GLOBAL COORDINATE SYSTEM  
 
    NODE      UX          UY          UZ          USUM  
     112  0.22477E-01-0.29776E-02  0.0000     0.22673E-01
     113  0.22591E-01-0.40744E-02  0.0000     0.22955E-01
     114  0.22772E-01-0.52782E-02  0.0000     0.23375E-01
     115  0.23064E-01-0.66463E-02  0.0000     0.24003E-01
     116  0.23567E-01-0.82755E-02  0.0000     0.24978E-01
     117  0.24486E-01-0.10344E-01  0.0000     0.26582E-01
     118  0.26550E-01-0.13205E-01  0.0000     0.29652E-01
     119  0.39545E-01 0.17769E-01  0.0000     0.43354E-01
     120  0.37291E-01 0.14665E-01  0.0000     0.40071E-01
     121  0.35959E-01 0.11972E-01  0.0000     0.37900E-01
     122  0.35179E-01 0.97039E-02  0.0000     0.36493E-01
     123  0.34696E-01 0.77409E-02  0.0000     0.35549E-01
     124  0.34387E-01 0.59897E-02  0.0000     0.34905E-01
     125  0.34188E-01 0.43833E-02  0.0000     0.34468E-01
     126  0.34064E-01 0.28734E-02  0.0000     0.34185E-01
     127  0.33996E-01 0.14226E-02  0.0000     0.34026E-01
     128  0.33974E-01-0.73119E-15  0.0000     0.33974E-01
     129  0.33996E-01-0.14226E-02  0.0000     0.34026E-01
     130  0.34064E-01-0.28734E-02  0.0000     0.34185E-01
     131  0.34188E-01-0.43833E-02  0.0000     0.34468E-01
     132  0.34387E-01-0.59897E-02  0.0000     0.34905E-01
     133  0.34696E-01-0.77409E-02  0.0000     0.35549E-01
     134  0.35179E-01-0.97039E-02  0.0000     0.36493E-01
     135  0.35959E-01-0.11972E-01  0.0000     0.37900E-01
     136  0.37291E-01-0.14665E-01  0.0000     0.40071E-01
     137  0.39545E-01-0.17769E-01  0.0000     0.43354E-01
     138  0.52072E-01 0.21193E-01  0.0000     0.56220E-01
     139  0.49971E-01 0.17997E-01  0.0000     0.53113E-01
     140  0.48507E-01 0.15021E-01  0.0000     0.50780E-01
     141  0.47533E-01 0.12334E-01  0.0000     0.49107E-01
     142  0.46888E-01 0.99159E-02  0.0000     0.47925E-01
     143  0.46456E-01 0.77091E-02  0.0000     0.47091E-01
     144  0.46169E-01 0.56583E-02  0.0000     0.46515E-01
     145  0.45987E-01 0.37158E-02  0.0000     0.46137E-01
     146  0.45886E-01 0.18414E-02  0.0000     0.45923E-01
     147  0.45853E-01-0.10077E-14  0.0000     0.45853E-01
     148  0.45886E-01-0.18414E-02  0.0000     0.45923E-01
 
  ***** POST1 NODAL DEGREE OF FREEDOM LISTING *****                            
 
  LOAD STEP=     1  SUBSTEP=     1                                             
   TIME=    1.0000      LOAD CASE=   0                                         
 
  THE FOLLOWING DEGREE OF FREEDOM RESULTS ARE IN THE GLOBAL COORDINATE SYSTEM  
 
    NODE      UX          UY          UZ          USUM  
     149  0.45987E-01-0.37158E-02  0.0000     0.46137E-01
     150  0.46169E-01-0.56583E-02  0.0000     0.46515E-01
     151  0.46456E-01-0.77091E-02  0.0000     0.47091E-01
     152  0.46888E-01-0.99159E-02  0.0000     0.47925E-01
     153  0.47533E-01-0.12334E-01  0.0000     0.49107E-01
     154  0.48507E-01-0.15021E-01  0.0000     0.50780E-01
     155  0.49971E-01-0.17997E-01  0.0000     0.53113E-01
     156  0.52072E-01-0.21193E-01  0.0000     0.56220E-01
     157  0.64331E-01 0.23767E-01  0.0000     0.68581E-01
     158  0.62493E-01 0.20542E-01  0.0000     0.65782E-01
     159  0.61062E-01 0.17421E-01  0.0000     0.63498E-01
     160  0.60010E-01 0.14482E-01  0.0000     0.61733E-01
     161  0.59260E-01 0.11743E-01  0.0000     0.60412E-01
     162  0.58732E-01 0.91823E-02  0.0000     0.59446E-01
     163  0.58370E-01 0.67653E-02  0.0000     0.58761E-01
     164  0.58134E-01 0.44535E-02  0.0000     0.58305E-01
     165  0.58001E-01 0.22100E-02  0.0000     0.58044E-01
     166  0.57959E-01-0.13600E-14  0.0000     0.57959E-01
     167  0.58001E-01-0.22100E-02  0.0000     0.58044E-01
     168  0.58134E-01-0.44535E-02  0.0000     0.58305E-01
     169  0.58370E-01-0.67653E-02  0.0000     0.58761E-01
     170  0.58732E-01-0.91823E-02  0.0000     0.59446E-01
     171  0.59260E-01-0.11743E-01  0.0000     0.60412E-01
     172  0.60010E-01-0.14482E-01  0.0000     0.61733E-01
     173  0.61062E-01-0.17421E-01  0.0000     0.63498E-01
     174  0.62493E-01-0.20542E-01  0.0000     0.65782E-01
     175  0.64331E-01-0.23767E-01  0.0000     0.68581E-01
     176  0.76453E-01 0.25710E-01  0.0000     0.80660E-01
     177  0.74893E-01 0.22470E-01  0.0000     0.78191E-01
     178  0.73577E-01 0.19270E-01  0.0000     0.76059E-01
     179  0.72534E-01 0.16176E-01  0.0000     0.74316E-01
     180  0.71740E-01 0.13217E-01  0.0000     0.72947E-01
     181  0.71154E-01 0.10394E-01  0.0000     0.71909E-01
     182  0.70737E-01 0.76890E-02  0.0000     0.71154E-01
     183  0.70460E-01 0.50749E-02  0.0000     0.70642E-01
     184  0.70301E-01 0.25221E-02  0.0000     0.70346E-01
     185  0.70249E-01-0.17386E-14  0.0000     0.70249E-01
 
  ***** POST1 NODAL DEGREE OF FREEDOM LISTING *****                            
 
  LOAD STEP=     1  SUBSTEP=     1                                             
   TIME=    1.0000      LOAD CASE=   0                                         
 
  THE FOLLOWING DEGREE OF FREEDOM RESULTS ARE IN THE GLOBAL COORDINATE SYSTEM  
 
    NODE      UX          UY          UZ          USUM  
     186  0.70301E-01-0.25221E-02  0.0000     0.70346E-01
     187  0.70460E-01-0.50749E-02  0.0000     0.70642E-01
     188  0.70737E-01-0.76890E-02  0.0000     0.71154E-01
     189  0.71154E-01-0.10394E-01  0.0000     0.71909E-01
     190  0.71740E-01-0.13217E-01  0.0000     0.72947E-01
     191  0.72534E-01-0.16176E-01  0.0000     0.74316E-01
     192  0.73577E-01-0.19270E-01  0.0000     0.76059E-01
     193  0.74893E-01-0.22470E-01  0.0000     0.78191E-01
     194  0.76453E-01-0.25710E-01  0.0000     0.80660E-01
     195  0.88516E-01 0.27171E-01  0.0000     0.92592E-01
     196  0.87217E-01 0.23918E-01  0.0000     0.90437E-01
     197  0.86049E-01 0.20671E-01  0.0000     0.88497E-01
     198  0.85066E-01 0.17478E-01  0.0000     0.86843E-01
     199  0.84276E-01 0.14371E-01  0.0000     0.85493E-01
     200  0.83669E-01 0.11357E-01  0.0000     0.84436E-01
     201  0.83222E-01 0.84324E-02  0.0000     0.83648E-01
     202  0.82918E-01 0.55796E-02  0.0000     0.83106E-01
     203  0.82742E-01 0.27770E-02  0.0000     0.82788E-01
     204  0.82684E-01-0.21008E-14  0.0000     0.82684E-01
     205  0.82742E-01-0.27770E-02  0.0000     0.82788E-01
     206  0.82918E-01-0.55796E-02  0.0000     0.83106E-01
     207  0.83222E-01-0.84324E-02  0.0000     0.83648E-01
     208  0.83669E-01-0.11357E-01  0.0000     0.84436E-01
     209  0.84276E-01-0.14371E-01  0.0000     0.85493E-01
     210  0.85066E-01-0.17478E-01  0.0000     0.86843E-01
     211  0.86049E-01-0.20671E-01  0.0000     0.88497E-01
     212  0.87217E-01-0.23918E-01  0.0000     0.90437E-01
     213  0.88516E-01-0.27171E-01  0.0000     0.92592E-01
     214  0.10057     0.28260E-01  0.0000     0.10446    
     215  0.99501E-01 0.24994E-01  0.0000     0.10259    
     216  0.98488E-01 0.21715E-01  0.0000     0.10085    
     217  0.97591E-01 0.18458E-01  0.0000     0.99321E-01
     218  0.96839E-01 0.15249E-01  0.0000     0.98032E-01
     219  0.96239E-01 0.12100E-01  0.0000     0.96996E-01
     220  0.95785E-01 0.90115E-02  0.0000     0.96208E-01
     221  0.95469E-01 0.59759E-02  0.0000     0.95656E-01
     222  0.95283E-01 0.29781E-02  0.0000     0.95330E-01
 
  ***** POST1 NODAL DEGREE OF FREEDOM LISTING *****                            
 
  LOAD STEP=     1  SUBSTEP=     1                                             
   TIME=    1.0000      LOAD CASE=   0                                         
 
  THE FOLLOWING DEGREE OF FREEDOM RESULTS ARE IN THE GLOBAL COORDINATE SYSTEM  
 
    NODE      UX          UY          UZ          USUM  
     223  0.95222E-01-0.24607E-14  0.0000     0.95222E-01
     224  0.95283E-01-0.29781E-02  0.0000     0.95330E-01
     225  0.95469E-01-0.59759E-02  0.0000     0.95656E-01
     226  0.95785E-01-0.90115E-02  0.0000     0.96208E-01
     227  0.96239E-01-0.12100E-01  0.0000     0.96996E-01
     228  0.96839E-01-0.15249E-01  0.0000     0.98032E-01
     229  0.97591E-01-0.18458E-01  0.0000     0.99321E-01
     230  0.98488E-01-0.21715E-01  0.0000     0.10085    
     231  0.99501E-01-0.24994E-01  0.0000     0.10259    
     232  0.10057    -0.28260E-01  0.0000     0.10446    
     233  0.11264     0.29062E-01  0.0000     0.11633    
     234  0.11177     0.25782E-01  0.0000     0.11471    
     235  0.11091     0.22480E-01  0.0000     0.11316    
     236  0.11011     0.19179E-01  0.0000     0.11176    
     237  0.10941     0.15901E-01  0.0000     0.11056    
     238  0.10884     0.12656E-01  0.0000     0.10957    
     239  0.10839     0.94493E-02  0.0000     0.10880    
     240  0.10808     0.62775E-02  0.0000     0.10826    
     241  0.10789     0.31318E-02  0.0000     0.10794    
     242  0.10783    -0.27500E-14  0.0000     0.10783    
     243  0.10789    -0.31318E-02  0.0000     0.10794    
     244  0.10808    -0.62775E-02  0.0000     0.10826    
     245  0.10839    -0.94493E-02  0.0000     0.10880    
     246  0.10884    -0.12656E-01  0.0000     0.10957    
     247  0.10941    -0.15901E-01  0.0000     0.11056    
     248  0.11011    -0.19179E-01  0.0000     0.11176    
     249  0.11091    -0.22480E-01  0.0000     0.11316    
     250  0.11177    -0.25782E-01  0.0000     0.11471    
     251  0.11264    -0.29062E-01  0.0000     0.11633    
     252  0.12476     0.29644E-01  0.0000     0.12823    
     253  0.12405     0.26350E-01  0.0000     0.12682    
     254  0.12331     0.23030E-01  0.0000     0.12545    
     255  0.12261     0.19699E-01  0.0000     0.12418    
     256  0.12198     0.16373E-01  0.0000     0.12307    
     257  0.12145     0.13062E-01  0.0000     0.12215    
     258  0.12102     0.97706E-02  0.0000     0.12142    
     259  0.12072     0.65001E-02  0.0000     0.12090    
 
  ***** POST1 NODAL DEGREE OF FREEDOM LISTING *****                            
 
  LOAD STEP=     1  SUBSTEP=     1                                             
   TIME=    1.0000      LOAD CASE=   0                                         
 
  THE FOLLOWING DEGREE OF FREEDOM RESULTS ARE IN THE GLOBAL COORDINATE SYSTEM  
 
    NODE      UX          UY          UZ          USUM  
     260  0.12054     0.32456E-02  0.0000     0.12058    
     261  0.12048    -0.29625E-14  0.0000     0.12048    
     262  0.12054    -0.32456E-02  0.0000     0.12058    
     263  0.12072    -0.65001E-02  0.0000     0.12090    
     264  0.12102    -0.97706E-02  0.0000     0.12142    
     265  0.12145    -0.13062E-01  0.0000     0.12215    
     266  0.12198    -0.16373E-01  0.0000     0.12307    
     267  0.12261    -0.19699E-01  0.0000     0.12418    
     268  0.12331    -0.23030E-01  0.0000     0.12545    
     269  0.12405    -0.26350E-01  0.0000     0.12682    
     270  0.12476    -0.29644E-01  0.0000     0.12823    
     271  0.13692     0.30060E-01  0.0000     0.14018    
     272  0.13634     0.26753E-01  0.0000     0.13894    
     273  0.13572     0.23418E-01  0.0000     0.13773    
     274  0.13511     0.20066E-01  0.0000     0.13659    
     275  0.13454     0.16707E-01  0.0000     0.13558    
     276  0.13406     0.13350E-01  0.0000     0.13472    
     277  0.13366     0.99998E-02  0.0000     0.13404    
     278  0.13338     0.66595E-02  0.0000     0.13354    
     279  0.13320     0.33274E-02  0.0000     0.13324    
     280  0.13314    -0.32097E-14  0.0000     0.13314    
     281  0.13320    -0.33274E-02  0.0000     0.13324    
     282  0.13338    -0.66595E-02  0.0000     0.13354    
     283  0.13366    -0.99998E-02  0.0000     0.13404    
     284  0.13406    -0.13350E-01  0.0000     0.13472    
     285  0.13454    -0.16707E-01  0.0000     0.13558    
     286  0.13511    -0.20066E-01  0.0000     0.13659    
     287  0.13572    -0.23418E-01  0.0000     0.13773    
     288  0.13634    -0.26753E-01  0.0000     0.13894    
     289  0.13692    -0.30060E-01  0.0000     0.14018    
     290  0.14913     0.30354E-01  0.0000     0.15218    
     291  0.14866     0.27033E-01  0.0000     0.15110    
     292  0.14814     0.23687E-01  0.0000     0.15002    
     293  0.14760     0.20319E-01  0.0000     0.14899    
     294  0.14710     0.16937E-01  0.0000     0.14807    
     295  0.14666     0.13549E-01  0.0000     0.14728    
     296  0.14630     0.10159E-01  0.0000     0.14665    
 
  ***** POST1 NODAL DEGREE OF FREEDOM LISTING *****                            
 
  LOAD STEP=     1  SUBSTEP=     1                                             
   TIME=    1.0000      LOAD CASE=   0                                         
 
  THE FOLLOWING DEGREE OF FREEDOM RESULTS ARE IN THE GLOBAL COORDINATE SYSTEM  
 
    NODE      UX          UY          UZ          USUM  
     297  0.14603     0.67704E-02  0.0000     0.14619    
     298  0.14587     0.33844E-02  0.0000     0.14590    
     299  0.14581    -0.34035E-14  0.0000     0.14581    
     300  0.14587    -0.33844E-02  0.0000     0.14590    
     301  0.14603    -0.67704E-02  0.0000     0.14619    
     302  0.14630    -0.10159E-01  0.0000     0.14665    
     303  0.14666    -0.13549E-01  0.0000     0.14728    
     304  0.14710    -0.16937E-01  0.0000     0.14807    
     305  0.14760    -0.20319E-01  0.0000     0.14899    
     306  0.14814    -0.23687E-01  0.0000     0.15002    
     307  0.14866    -0.27033E-01  0.0000     0.15110    
     308  0.14913    -0.30354E-01  0.0000     0.15218    
     309  0.16139     0.30562E-01  0.0000     0.16426    
     310  0.16101     0.27229E-01  0.0000     0.16329    
     311  0.16056     0.23871E-01  0.0000     0.16232    
     312  0.16009     0.20491E-01  0.0000     0.16140    
     313  0.15965     0.17094E-01  0.0000     0.16056    
     314  0.15925     0.13684E-01  0.0000     0.15984    
     315  0.15892     0.10267E-01  0.0000     0.15925    
     316  0.15867     0.68461E-02  0.0000     0.15882    
     317  0.15852     0.34233E-02  0.0000     0.15856    
     318  0.15847    -0.36449E-14  0.0000     0.15847    
     319  0.15852    -0.34233E-02  0.0000     0.15856    
     320  0.15867    -0.68461E-02  0.0000     0.15882    
     321  0.15892    -0.10267E-01  0.0000     0.15925    
     322  0.15925    -0.13684E-01  0.0000     0.15984    
     323  0.15965    -0.17094E-01  0.0000     0.16056    
     324  0.16009    -0.20491E-01  0.0000     0.16140    
     325  0.16056    -0.23871E-01  0.0000     0.16232    
     326  0.16101    -0.27229E-01  0.0000     0.16329    
     327  0.16139    -0.30562E-01  0.0000     0.16426    
     328  0.17370     0.30713E-01  0.0000     0.17640    
     329  0.17338     0.27368E-01  0.0000     0.17553    
     330  0.17299     0.24001E-01  0.0000     0.17465    
     331  0.17259     0.20611E-01  0.0000     0.17381    
     332  0.17219     0.17202E-01  0.0000     0.17304    
     333  0.17183     0.13778E-01  0.0000     0.17238    
 
  ***** POST1 NODAL DEGREE OF FREEDOM LISTING *****                            
 
  LOAD STEP=     1  SUBSTEP=     1                                             
   TIME=    1.0000      LOAD CASE=   0                                         
 
  THE FOLLOWING DEGREE OF FREEDOM RESULTS ARE IN THE GLOBAL COORDINATE SYSTEM  
 
    NODE      UX          UY          UZ          USUM  
     334  0.17152     0.10342E-01  0.0000     0.17184    
     335  0.17130     0.68980E-02  0.0000     0.17144    
     336  0.17116     0.34500E-02  0.0000     0.17119    
     337  0.17111    -0.39161E-14  0.0000     0.17111    
     338  0.17116    -0.34500E-02  0.0000     0.17119    
     339  0.17130    -0.68980E-02  0.0000     0.17144    
     340  0.17152    -0.10342E-01  0.0000     0.17184    
     341  0.17183    -0.13778E-01  0.0000     0.17238    
     342  0.17219    -0.17202E-01  0.0000     0.17304    
     343  0.17259    -0.20611E-01  0.0000     0.17381    
     344  0.17299    -0.24001E-01  0.0000     0.17465    
     345  0.17338    -0.27368E-01  0.0000     0.17553    
     346  0.17370    -0.30713E-01  0.0000     0.17640    
     347  0.18606     0.30833E-01  0.0000     0.18860    
     348  0.18578     0.27477E-01  0.0000     0.18780    
     349  0.18544     0.24101E-01  0.0000     0.18700    
     350  0.18508     0.20702E-01  0.0000     0.18623    
     351  0.18472     0.17283E-01  0.0000     0.18553    
     352  0.18439     0.13847E-01  0.0000     0.18491    
     353  0.18412     0.10396E-01  0.0000     0.18441    
     354  0.18391     0.69361E-02  0.0000     0.18404    
     355  0.18378     0.34696E-02  0.0000     0.18381    
     356  0.18373    -0.41842E-14  0.0000     0.18373    
     357  0.18378    -0.34696E-02  0.0000     0.18381    
     358  0.18391    -0.69361E-02  0.0000     0.18404    
     359  0.18412    -0.10396E-01  0.0000     0.18441    
     360  0.18439    -0.13847E-01  0.0000     0.18491    
     361  0.18472    -0.17283E-01  0.0000     0.18553    
     362  0.18508    -0.20702E-01  0.0000     0.18623    
     363  0.18544    -0.24101E-01  0.0000     0.18700    
     364  0.18578    -0.27477E-01  0.0000     0.18780    
     365  0.18606    -0.30833E-01  0.0000     0.18860    
     366  0.19847     0.30944E-01  0.0000     0.20086    
     367  0.19821     0.27578E-01  0.0000     0.20012    
     368  0.19790     0.24192E-01  0.0000     0.19938    
     369  0.19758     0.20784E-01  0.0000     0.19867    
     370  0.19725     0.17355E-01  0.0000     0.19801    
 
  ***** POST1 NODAL DEGREE OF FREEDOM LISTING *****                            
 
  LOAD STEP=     1  SUBSTEP=     1                                             
   TIME=    1.0000      LOAD CASE=   0                                         
 
  THE FOLLOWING DEGREE OF FREEDOM RESULTS ARE IN THE GLOBAL COORDINATE SYSTEM  
 
    NODE      UX          UY          UZ          USUM  
     371  0.19695     0.13908E-01  0.0000     0.19744    
     372  0.19669     0.10444E-01  0.0000     0.19697    
     373  0.19650     0.69693E-02  0.0000     0.19662    
     374  0.19637     0.34866E-02  0.0000     0.19641    
     375  0.19633    -0.44981E-14  0.0000     0.19633    
     376  0.19637    -0.34866E-02  0.0000     0.19641    
     377  0.19650    -0.69693E-02  0.0000     0.19662    
     378  0.19669    -0.10444E-01  0.0000     0.19697    
     379  0.19695    -0.13908E-01  0.0000     0.19744    
     380  0.19725    -0.17355E-01  0.0000     0.19801    
     381  0.19758    -0.20784E-01  0.0000     0.19867    
     382  0.19790    -0.24192E-01  0.0000     0.19938    
     383  0.19821    -0.27578E-01  0.0000     0.20012    
     384  0.19847    -0.30944E-01  0.0000     0.20086    
     385  0.21090     0.31064E-01  0.0000     0.21318    
     386  0.21066     0.27688E-01  0.0000     0.21248    
     387  0.21038     0.24293E-01  0.0000     0.21178    
     388  0.21008     0.20875E-01  0.0000     0.21111    
     389  0.20977     0.17435E-01  0.0000     0.21050    
     390  0.20949     0.13975E-01  0.0000     0.20996    
     391  0.20925     0.10497E-01  0.0000     0.20952    
     392  0.20907     0.70061E-02  0.0000     0.20919    
     393  0.20895     0.35054E-02  0.0000     0.20898    
     394  0.20891    -0.47670E-14  0.0000     0.20891    
     395  0.20895    -0.35054E-02  0.0000     0.20898    
     396  0.20907    -0.70061E-02  0.0000     0.20919    
     397  0.20925    -0.10497E-01  0.0000     0.20952    
     398  0.20949    -0.13975E-01  0.0000     0.20996    
     399  0.20977    -0.17435E-01  0.0000     0.21050    
     400  0.21008    -0.20875E-01  0.0000     0.21111    
     401  0.21038    -0.24293E-01  0.0000     0.21178    
     402  0.21066    -0.27688E-01  0.0000     0.21248    
     403  0.21090    -0.31064E-01  0.0000     0.21318    
     404  0.22337     0.31207E-01  0.0000     0.22554    
     405  0.22314     0.27822E-01  0.0000     0.22487    
     406  0.22287     0.24418E-01  0.0000     0.22421    
     407  0.22259     0.20991E-01  0.0000     0.22357    
 
  ***** POST1 NODAL DEGREE OF FREEDOM LISTING *****                            
 
  LOAD STEP=     1  SUBSTEP=     1                                             
   TIME=    1.0000      LOAD CASE=   0                                         
 
  THE FOLLOWING DEGREE OF FREEDOM RESULTS ARE IN THE GLOBAL COORDINATE SYSTEM  
 
    NODE      UX          UY          UZ          USUM  
     408  0.22230     0.17539E-01  0.0000     0.22299    
     409  0.22203     0.14064E-01  0.0000     0.22248    
     410  0.22180     0.10568E-01  0.0000     0.22206    
     411  0.22163     0.70556E-02  0.0000     0.22174    
     412  0.22152     0.35308E-02  0.0000     0.22155    
     413  0.22148    -0.50506E-14  0.0000     0.22148    
     414  0.22152    -0.35308E-02  0.0000     0.22155    
     415  0.22163    -0.70556E-02  0.0000     0.22174    
     416  0.22180    -0.10568E-01  0.0000     0.22206    
     417  0.22203    -0.14064E-01  0.0000     0.22248    
     418  0.22230    -0.17539E-01  0.0000     0.22299    
     419  0.22259    -0.20991E-01  0.0000     0.22357    
     420  0.22287    -0.24418E-01  0.0000     0.22421    
     421  0.22314    -0.27822E-01  0.0000     0.22487    
     422  0.22337    -0.31207E-01  0.0000     0.22554    
     423  0.23586     0.31381E-01  0.0000     0.23793    
     424  0.23563     0.27992E-01  0.0000     0.23729    
     425  0.23538     0.24584E-01  0.0000     0.23666    
     426  0.23510     0.21150E-01  0.0000     0.23605    
     427  0.23483     0.17686E-01  0.0000     0.23549    
     428  0.23457     0.14193E-01  0.0000     0.23500    
     429  0.23435     0.10672E-01  0.0000     0.23459    
     430  0.23418     0.71281E-02  0.0000     0.23429    
     431  0.23408     0.35683E-02  0.0000     0.23410    
     432  0.23404    -0.54019E-14  0.0000     0.23404    
     433  0.23408    -0.35683E-02  0.0000     0.23410    
     434  0.23418    -0.71281E-02  0.0000     0.23429    
     435  0.23435    -0.10672E-01  0.0000     0.23459    
     436  0.23457    -0.14193E-01  0.0000     0.23500    
     437  0.23483    -0.17686E-01  0.0000     0.23549    
     438  0.23510    -0.21150E-01  0.0000     0.23605    
     439  0.23538    -0.24584E-01  0.0000     0.23666    
     440  0.23563    -0.27992E-01  0.0000     0.23729    
     441  0.23586    -0.31381E-01  0.0000     0.23793    
 
  ***** POST1 NODAL DEGREE OF FREEDOM LISTING *****                            
 
  LOAD STEP=     1  SUBSTEP=     1                                             
   TIME=    1.0000      LOAD CASE=   0                                         
 
  THE FOLLOWING DEGREE OF FREEDOM RESULTS ARE IN THE GLOBAL COORDINATE SYSTEM  
 
    NODE      UX          UY          UZ          USUM  

 MAXIMUM ABSOLUTE VALUES
 NODE         22          22           0          22
 VALUE   0.24856    -0.34957E-01  0.0000     0.25100    

