
 PRINT U    NODAL SOLUTION PER NODE
 
  ***** POST1 NODAL DEGREE OF FREEDOM LISTING *****                            
 
  LOAD STEP=     1  SUBSTEP=     1                                             
   TIME=    1.0000      LOAD CASE=   0                                         
 
  THE FOLLOWING DEGREE OF FREEDOM RESULTS ARE IN THE GLOBAL COORDINATE SYSTEM  
 
    NODE      UX          UY          UZ          USUM  
       1   0.0000      0.0000      0.0000      0.0000    
       2  0.19323E-01 0.11152E-01  0.0000     0.22310E-01
       3  0.53461E-02 0.24598E-02  0.0000     0.58848E-02
       4  0.10124E-01 0.44829E-02  0.0000     0.11072E-01
       5  0.14832E-01 0.73787E-02  0.0000     0.16566E-01
       6  0.43845E-02 0.64635E-02  0.0000     0.78103E-02
       7  0.15505E-01 0.10038E-01  0.0000     0.18470E-01
       8  0.12146E-01 0.89550E-02  0.0000     0.15090E-01
       9  0.88099E-02 0.78032E-02  0.0000     0.11769E-01
      10   0.0000      0.0000      0.0000      0.0000    
      11  0.31687E-02 0.29118E-02  0.0000     0.43034E-02
      12  0.20789E-02 0.10779E-02  0.0000     0.23417E-02
      13  0.10302E-02 0.66526E-04  0.0000     0.10324E-02
      14   0.0000      0.0000      0.0000      0.0000    
      15   0.0000      0.0000      0.0000      0.0000    
      16   0.0000      0.0000      0.0000      0.0000    
      17  0.36961E-02 0.11736E-02  0.0000     0.38780E-02
      18  0.27321E-02 0.55446E-03  0.0000     0.27878E-02
      19  0.18256E-02 0.21078E-03  0.0000     0.18378E-02
      20  0.77857E-02 0.33134E-02  0.0000     0.84614E-02
      21  0.57123E-02 0.22683E-02  0.0000     0.61462E-02
      22  0.38167E-02 0.15144E-02  0.0000     0.41062E-02
      23  0.11716E-01 0.61835E-02  0.0000     0.13247E-01
      24  0.89240E-02 0.50699E-02  0.0000     0.10264E-01
      25  0.60949E-02 0.39111E-02  0.0000     0.72419E-02
      26  0.30681E-01 0.24290E-01  0.0000     0.39132E-01
      27  0.23403E-01 0.15699E-01  0.0000     0.28181E-01
      28  0.26931E-01 0.20709E-01  0.0000     0.33973E-01
      29  0.29852E-01 0.25820E-01  0.0000     0.39469E-01
      30  0.32169E-01 0.30684E-01  0.0000     0.44456E-01
      31  0.33899E-01 0.34990E-01  0.0000     0.48718E-01
      32  0.35052E-01 0.38453E-01  0.0000     0.52031E-01
      33  0.35626E-01 0.40788E-01  0.0000     0.54156E-01
      34  0.35606E-01 0.41706E-01  0.0000     0.54838E-01
      35  0.34967E-01 0.40860E-01  0.0000     0.53779E-01
      36  0.33775E-01 0.37871E-01  0.0000     0.50744E-01
      37  0.32206E-01 0.32384E-01  0.0000     0.45672E-01
 
  ***** POST1 NODAL DEGREE OF FREEDOM LISTING *****                            
 
  LOAD STEP=     1  SUBSTEP=     1                                             
   TIME=    1.0000      LOAD CASE=   0                                         
 
  THE FOLLOWING DEGREE OF FREEDOM RESULTS ARE IN THE GLOBAL COORDINATE SYSTEM  
 
    NODE      UX          UY          UZ          USUM  
      38  0.71784E-01 0.24964E-01  0.0000     0.76001E-01
      39  0.39641E-01 0.24481E-01  0.0000     0.46591E-01
      40  0.48538E-01 0.24449E-01  0.0000     0.54348E-01
      41  0.58009E-01 0.24530E-01  0.0000     0.62983E-01
      42  0.60723E-01 0.30469E-01  0.0000     0.67938E-01
      43  0.52622E-01 0.35004E-01  0.0000     0.63201E-01
      44  0.45342E-01 0.37532E-01  0.0000     0.58860E-01
      45  0.38586E-01 0.38298E-01  0.0000     0.54365E-01
      46  0.32366E-01 0.37388E-01  0.0000     0.49451E-01
      47  0.26700E-01 0.35069E-01  0.0000     0.44076E-01
      48  0.21605E-01 0.31617E-01  0.0000     0.38294E-01
      49  0.17083E-01 0.27325E-01  0.0000     0.32226E-01
      50  0.13126E-01 0.22487E-01  0.0000     0.26038E-01
      51  0.97078E-02 0.17357E-01  0.0000     0.19888E-01
      52  0.67687E-02 0.12233E-01  0.0000     0.13981E-01
      53  0.19069E-01 0.14702E-01  0.0000     0.24078E-01
      54  0.15332E-01 0.13747E-01  0.0000     0.20593E-01
      55  0.11517E-01 0.12868E-01  0.0000     0.17269E-01
      56  0.22360E-01 0.19847E-01  0.0000     0.29898E-01
      57  0.18432E-01 0.19011E-01  0.0000     0.26479E-01
      58  0.14402E-01 0.18212E-01  0.0000     0.23219E-01
      59  0.25358E-01 0.25086E-01  0.0000     0.35670E-01
      60  0.21513E-01 0.24299E-01  0.0000     0.32454E-01
      61  0.17644E-01 0.23432E-01  0.0000     0.29332E-01
      62  0.28068E-01 0.30067E-01  0.0000     0.41132E-01
      63  0.24625E-01 0.29304E-01  0.0000     0.38277E-01
      64  0.21177E-01 0.28393E-01  0.0000     0.35421E-01
      65  0.30495E-01 0.34487E-01  0.0000     0.46036E-01
      66  0.27746E-01 0.33758E-01  0.0000     0.43698E-01
      67  0.25000E-01 0.32802E-01  0.0000     0.41243E-01
      68  0.32635E-01 0.38065E-01  0.0000     0.50139E-01
      69  0.30873E-01 0.37370E-01  0.0000     0.48473E-01
      70  0.29111E-01 0.36370E-01  0.0000     0.46586E-01
      71  0.34488E-01 0.40517E-01  0.0000     0.53207E-01
      72  0.34005E-01 0.39853E-01  0.0000     0.52389E-01
      73  0.33510E-01 0.38808E-01  0.0000     0.51273E-01
      74  0.36058E-01 0.41549E-01  0.0000     0.55014E-01
 
  ***** POST1 NODAL DEGREE OF FREEDOM LISTING *****                            
 
  LOAD STEP=     1  SUBSTEP=     1                                             
   TIME=    1.0000      LOAD CASE=   0                                         
 
  THE FOLLOWING DEGREE OF FREEDOM RESULTS ARE IN THE GLOBAL COORDINATE SYSTEM  
 
    NODE      UX          UY          UZ          USUM  
      75  0.37154E-01 0.40921E-01  0.0000     0.55271E-01
      76  0.38199E-01 0.39827E-01  0.0000     0.55184E-01
      77  0.37350E-01 0.40850E-01  0.0000     0.55351E-01
      78  0.40315E-01 0.40279E-01  0.0000     0.56989E-01
      79  0.43186E-01 0.39187E-01  0.0000     0.58315E-01
      80  0.38318E-01 0.38003E-01  0.0000     0.53968E-01
      81  0.43434E-01 0.37702E-01  0.0000     0.57515E-01
      82  0.48480E-01 0.36652E-01  0.0000     0.60775E-01
      83  0.39058E-01 0.32610E-01  0.0000     0.50882E-01
      84  0.46087E-01 0.32561E-01  0.0000     0.56430E-01
      85  0.54054E-01 0.32407E-01  0.0000     0.63024E-01
      86  0.31025E-01-0.23582E-01  0.0000     0.38970E-01
      87  0.29608E-01 0.13890E-01  0.0000     0.32704E-01
      88  0.29337E-01 0.18593E-02  0.0000     0.29396E-01
      89  0.29909E-01-0.10890E-01  0.0000     0.31830E-01
      90  0.83784E-01-0.26938E-01  0.0000     0.88008E-01
      91  0.43529E-01-0.24040E-01  0.0000     0.49727E-01
      92  0.56028E-01-0.24913E-01  0.0000     0.61317E-01
      93  0.69299E-01-0.26114E-01  0.0000     0.74056E-01
      94  0.82380E-01-0.13098E-01  0.0000     0.83415E-01
      95  0.80355E-01-0.75750E-03  0.0000     0.80359E-01
      96  0.77052E-01 0.11427E-01  0.0000     0.77895E-01
      97  0.40336E-01 0.13914E-01  0.0000     0.42669E-01
      98  0.50660E-01 0.13670E-01  0.0000     0.52472E-01
      99  0.62112E-01 0.12939E-01  0.0000     0.63445E-01
     100  0.41202E-01 0.16921E-02  0.0000     0.41237E-01
     101  0.52732E-01 0.11874E-02  0.0000     0.52746E-01
     102  0.65470E-01 0.24813E-03  0.0000     0.65471E-01
     103  0.42280E-01-0.11260E-01  0.0000     0.43753E-01
     104  0.54514E-01-0.11885E-01  0.0000     0.55795E-01
     105  0.67700E-01-0.12622E-01  0.0000     0.68867E-01
     106  0.83784E-01 0.26938E-01  0.0000     0.88008E-01
     107  0.99053E-01-0.26488E-01  0.0000     0.10253    
     108  0.11395    -0.24191E-01  0.0000     0.11649    
     109  0.12706    -0.19957E-01  0.0000     0.12862    
     110  0.13716    -0.14162E-01  0.0000     0.13789    
     111  0.14349    -0.73275E-02  0.0000     0.14368    
 
  ***** POST1 NODAL DEGREE OF FREEDOM LISTING *****                            
 
  LOAD STEP=     1  SUBSTEP=     1                                             
   TIME=    1.0000      LOAD CASE=   0                                         
 
  THE FOLLOWING DEGREE OF FREEDOM RESULTS ARE IN THE GLOBAL COORDINATE SYSTEM  
 
    NODE      UX          UY          UZ          USUM  
     112  0.14563     0.82290E-13  0.0000     0.14563    
     113  0.14349     0.73275E-02  0.0000     0.14368    
     114  0.13716     0.14162E-01  0.0000     0.13789    
     115  0.12706     0.19957E-01  0.0000     0.12862    
     116  0.11395     0.24191E-01  0.0000     0.11649    
     117  0.99053E-01 0.26488E-01  0.0000     0.10253    
     118  0.71784E-01-0.24964E-01  0.0000     0.76001E-01
     119  0.82380E-01 0.13098E-01  0.0000     0.83415E-01
     120  0.80355E-01 0.75750E-03  0.0000     0.80359E-01
     121  0.77052E-01-0.11427E-01  0.0000     0.77895E-01
     122  0.95386E-01-0.26203E-01  0.0000     0.98920E-01
     123  0.11165    -0.23323E-01  0.0000     0.11406    
     124  0.12517    -0.18903E-01  0.0000     0.12659    
     125  0.13519    -0.13319E-01  0.0000     0.13584    
     126  0.14144    -0.68815E-02  0.0000     0.14161    
     127  0.14356     0.87000E-13  0.0000     0.14356    
     128  0.14144     0.68815E-02  0.0000     0.14161    
     129  0.13519     0.13319E-01  0.0000     0.13584    
     130  0.12517     0.18903E-01  0.0000     0.12659    
     131  0.11165     0.23323E-01  0.0000     0.11406    
     132  0.95386E-01 0.26203E-01  0.0000     0.98920E-01
     133  0.98103E-01-0.12888E-01  0.0000     0.98946E-01
     134  0.96771E-01-0.12585E-02  0.0000     0.96779E-01
     135  0.95237E-01 0.10179E-01  0.0000     0.95779E-01
     136  0.11352    -0.11695E-01  0.0000     0.11412    
     137  0.11288    -0.12211E-02  0.0000     0.11289    
     138  0.11252     0.98553E-02  0.0000     0.11295    
     139  0.12703    -0.95969E-02  0.0000     0.12739    
     140  0.12672    -0.77431E-03  0.0000     0.12672    
     141  0.12615     0.82577E-02  0.0000     0.12642    
     142  0.13740    -0.67683E-02  0.0000     0.13756    
     143  0.13711    -0.46046E-03  0.0000     0.13711    
     144  0.13645     0.59089E-02  0.0000     0.13658    
     145  0.14385    -0.34991E-02  0.0000     0.14390    
     146  0.14358    -0.21528E-03  0.0000     0.14358    
     147  0.14284     0.30733E-02  0.0000     0.14287    
     148  0.14605     0.83407E-13  0.0000     0.14605    
 
  ***** POST1 NODAL DEGREE OF FREEDOM LISTING *****                            
 
  LOAD STEP=     1  SUBSTEP=     1                                             
   TIME=    1.0000      LOAD CASE=   0                                         
 
  THE FOLLOWING DEGREE OF FREEDOM RESULTS ARE IN THE GLOBAL COORDINATE SYSTEM  
 
    NODE      UX          UY          UZ          USUM  
     149  0.14578     0.84038E-13  0.0000     0.14578    
     150  0.14501     0.85246E-13  0.0000     0.14501    
     151  0.14385     0.34991E-02  0.0000     0.14390    
     152  0.14358     0.21528E-03  0.0000     0.14358    
     153  0.14284    -0.30733E-02  0.0000     0.14287    
     154  0.13740     0.67683E-02  0.0000     0.13756    
     155  0.13711     0.46046E-03  0.0000     0.13711    
     156  0.13645    -0.59089E-02  0.0000     0.13658    
     157  0.12703     0.95969E-02  0.0000     0.12739    
     158  0.12672     0.77431E-03  0.0000     0.12672    
     159  0.12615    -0.82577E-02  0.0000     0.12642    
     160  0.11352     0.11695E-01  0.0000     0.11412    
     161  0.11288     0.12211E-02  0.0000     0.11289    
     162  0.11252    -0.98553E-02  0.0000     0.11295    
     163  0.98103E-01 0.12888E-01  0.0000     0.98946E-01
     164  0.96771E-01 0.12585E-02  0.0000     0.96779E-01
     165  0.95237E-01-0.10179E-01  0.0000     0.95779E-01
     166  0.31025E-01 0.23582E-01  0.0000     0.38970E-01
     167  0.69299E-01 0.26114E-01  0.0000     0.74056E-01
     168  0.56028E-01 0.24913E-01  0.0000     0.61317E-01
     169  0.43529E-01 0.24040E-01  0.0000     0.49727E-01
     170  0.30681E-01-0.24290E-01  0.0000     0.39132E-01
     171  0.29909E-01 0.10890E-01  0.0000     0.31830E-01
     172  0.29337E-01-0.18593E-02  0.0000     0.29396E-01
     173  0.29608E-01-0.13890E-01  0.0000     0.32704E-01
     174  0.39641E-01-0.24481E-01  0.0000     0.46591E-01
     175  0.48538E-01-0.24449E-01  0.0000     0.54348E-01
     176  0.58009E-01-0.24530E-01  0.0000     0.62983E-01
     177  0.67700E-01 0.12622E-01  0.0000     0.68867E-01
     178  0.65470E-01-0.24813E-03  0.0000     0.65471E-01
     179  0.62112E-01-0.12939E-01  0.0000     0.63445E-01
     180  0.54514E-01 0.11885E-01  0.0000     0.55795E-01
     181  0.52732E-01-0.11874E-02  0.0000     0.52746E-01
     182  0.50660E-01-0.13670E-01  0.0000     0.52472E-01
     183  0.42280E-01 0.11260E-01  0.0000     0.43753E-01
     184  0.41202E-01-0.16921E-02  0.0000     0.41237E-01
     185  0.40336E-01-0.13914E-01  0.0000     0.42669E-01
 
  ***** POST1 NODAL DEGREE OF FREEDOM LISTING *****                            
 
  LOAD STEP=     1  SUBSTEP=     1                                             
   TIME=    1.0000      LOAD CASE=   0                                         
 
  THE FOLLOWING DEGREE OF FREEDOM RESULTS ARE IN THE GLOBAL COORDINATE SYSTEM  
 
    NODE      UX          UY          UZ          USUM  
     186  0.19323E-01-0.11152E-01  0.0000     0.22310E-01
     187  0.32206E-01-0.32384E-01  0.0000     0.45672E-01
     188  0.33775E-01-0.37871E-01  0.0000     0.50744E-01
     189  0.34967E-01-0.40860E-01  0.0000     0.53779E-01
     190  0.35606E-01-0.41706E-01  0.0000     0.54838E-01
     191  0.35626E-01-0.40788E-01  0.0000     0.54156E-01
     192  0.35052E-01-0.38453E-01  0.0000     0.52031E-01
     193  0.33899E-01-0.34990E-01  0.0000     0.48718E-01
     194  0.32169E-01-0.30684E-01  0.0000     0.44456E-01
     195  0.29852E-01-0.25820E-01  0.0000     0.39469E-01
     196  0.26931E-01-0.20709E-01  0.0000     0.33973E-01
     197  0.23403E-01-0.15699E-01  0.0000     0.28181E-01
     198  0.43845E-02-0.64635E-02  0.0000     0.78103E-02
     199  0.15505E-01-0.10038E-01  0.0000     0.18470E-01
     200  0.12146E-01-0.89550E-02  0.0000     0.15090E-01
     201  0.88099E-02-0.78032E-02  0.0000     0.11769E-01
     202  0.67687E-02-0.12233E-01  0.0000     0.13981E-01
     203  0.97078E-02-0.17357E-01  0.0000     0.19888E-01
     204  0.13126E-01-0.22487E-01  0.0000     0.26038E-01
     205  0.17083E-01-0.27325E-01  0.0000     0.32226E-01
     206  0.21605E-01-0.31617E-01  0.0000     0.38294E-01
     207  0.26700E-01-0.35069E-01  0.0000     0.44076E-01
     208  0.32366E-01-0.37388E-01  0.0000     0.49451E-01
     209  0.38586E-01-0.38298E-01  0.0000     0.54365E-01
     210  0.45342E-01-0.37532E-01  0.0000     0.58860E-01
     211  0.52622E-01-0.35004E-01  0.0000     0.63201E-01
     212  0.60723E-01-0.30469E-01  0.0000     0.67938E-01
     213  0.39058E-01-0.32610E-01  0.0000     0.50882E-01
     214  0.46087E-01-0.32561E-01  0.0000     0.56430E-01
     215  0.54054E-01-0.32407E-01  0.0000     0.63024E-01
     216  0.38318E-01-0.38003E-01  0.0000     0.53968E-01
     217  0.43434E-01-0.37702E-01  0.0000     0.57515E-01
     218  0.48480E-01-0.36652E-01  0.0000     0.60775E-01
     219  0.37350E-01-0.40850E-01  0.0000     0.55351E-01
     220  0.40315E-01-0.40279E-01  0.0000     0.56989E-01
     221  0.43186E-01-0.39187E-01  0.0000     0.58315E-01
     222  0.36058E-01-0.41549E-01  0.0000     0.55014E-01
 
  ***** POST1 NODAL DEGREE OF FREEDOM LISTING *****                            
 
  LOAD STEP=     1  SUBSTEP=     1                                             
   TIME=    1.0000      LOAD CASE=   0                                         
 
  THE FOLLOWING DEGREE OF FREEDOM RESULTS ARE IN THE GLOBAL COORDINATE SYSTEM  
 
    NODE      UX          UY          UZ          USUM  
     223  0.37154E-01-0.40921E-01  0.0000     0.55271E-01
     224  0.38199E-01-0.39827E-01  0.0000     0.55184E-01
     225  0.34488E-01-0.40517E-01  0.0000     0.53207E-01
     226  0.34005E-01-0.39853E-01  0.0000     0.52389E-01
     227  0.33510E-01-0.38808E-01  0.0000     0.51273E-01
     228  0.32635E-01-0.38065E-01  0.0000     0.50139E-01
     229  0.30873E-01-0.37370E-01  0.0000     0.48473E-01
     230  0.29111E-01-0.36370E-01  0.0000     0.46586E-01
     231  0.30495E-01-0.34487E-01  0.0000     0.46036E-01
     232  0.27746E-01-0.33758E-01  0.0000     0.43698E-01
     233  0.25000E-01-0.32802E-01  0.0000     0.41243E-01
     234  0.28068E-01-0.30067E-01  0.0000     0.41132E-01
     235  0.24625E-01-0.29304E-01  0.0000     0.38277E-01
     236  0.21177E-01-0.28393E-01  0.0000     0.35421E-01
     237  0.25358E-01-0.25086E-01  0.0000     0.35670E-01
     238  0.21513E-01-0.24299E-01  0.0000     0.32454E-01
     239  0.17644E-01-0.23432E-01  0.0000     0.29332E-01
     240  0.22360E-01-0.19847E-01  0.0000     0.29898E-01
     241  0.18432E-01-0.19011E-01  0.0000     0.26479E-01
     242  0.14402E-01-0.18212E-01  0.0000     0.23219E-01
     243  0.19069E-01-0.14702E-01  0.0000     0.24078E-01
     244  0.15332E-01-0.13747E-01  0.0000     0.20593E-01
     245  0.11517E-01-0.12868E-01  0.0000     0.17269E-01
     246   0.0000      0.0000      0.0000      0.0000    
     247  0.14832E-01-0.73787E-02  0.0000     0.16566E-01
     248  0.10124E-01-0.44829E-02  0.0000     0.11072E-01
     249  0.53461E-02-0.24598E-02  0.0000     0.58848E-02
     250   0.0000      0.0000      0.0000      0.0000    
     251   0.0000      0.0000      0.0000      0.0000    
     252   0.0000      0.0000      0.0000      0.0000    
     253   0.0000      0.0000      0.0000      0.0000    
     254  0.10302E-02-0.66526E-04  0.0000     0.10324E-02
     255  0.20789E-02-0.10779E-02  0.0000     0.23417E-02
     256  0.31687E-02-0.29118E-02  0.0000     0.43034E-02
     257  0.11716E-01-0.61835E-02  0.0000     0.13247E-01
     258  0.89240E-02-0.50699E-02  0.0000     0.10264E-01
     259  0.60949E-02-0.39111E-02  0.0000     0.72419E-02
 
  ***** POST1 NODAL DEGREE OF FREEDOM LISTING *****                            
 
  LOAD STEP=     1  SUBSTEP=     1                                             
   TIME=    1.0000      LOAD CASE=   0                                         
 
  THE FOLLOWING DEGREE OF FREEDOM RESULTS ARE IN THE GLOBAL COORDINATE SYSTEM  
 
    NODE      UX          UY          UZ          USUM  
     260  0.77857E-02-0.33134E-02  0.0000     0.84614E-02
     261  0.57123E-02-0.22683E-02  0.0000     0.61462E-02
     262  0.38167E-02-0.15144E-02  0.0000     0.41062E-02
     263  0.36961E-02-0.11736E-02  0.0000     0.38780E-02
     264  0.27321E-02-0.55446E-03  0.0000     0.27878E-02
     265  0.18256E-02-0.21078E-03  0.0000     0.18378E-02
     266   0.0000      0.0000      0.0000      0.0000    
     267   0.0000      0.0000      0.0000      0.0000    
     268   0.0000      0.0000      0.0000      0.0000    
     269   0.0000      0.0000      0.0000      0.0000    
     270   0.0000      0.0000      0.0000      0.0000    
     271   0.0000      0.0000      0.0000      0.0000    
     272   0.0000      0.0000      0.0000      0.0000    
     273   0.0000      0.0000      0.0000      0.0000    
     274   0.0000      0.0000      0.0000      0.0000    
     275   0.0000      0.0000      0.0000      0.0000    
     276   0.0000      0.0000      0.0000      0.0000    
     277  0.12115E-02 0.43583E-02  0.0000     0.45236E-02
     278  0.30165E-03 0.27876E-02  0.0000     0.28039E-02
     279 -0.33614E-04 0.17356E-02  0.0000     0.17359E-02
     280 -0.10590E-03 0.10055E-02  0.0000     0.10111E-02
     281 -0.10426E-03 0.46062E-03  0.0000     0.47227E-03
     282 -0.96688E-04 0.63895E-15  0.0000     0.96688E-04
     283 -0.10426E-03-0.46062E-03  0.0000     0.47227E-03
     284 -0.10590E-03-0.10055E-02  0.0000     0.10111E-02
     285 -0.33614E-04-0.17356E-02  0.0000     0.17359E-02
     286  0.30165E-03-0.27876E-02  0.0000     0.28039E-02
     287  0.12115E-02-0.43583E-02  0.0000     0.45236E-02
     288  0.41954E-03-0.83075E-04  0.0000     0.42769E-03
     289  0.76520E-03-0.88251E-03  0.0000     0.11681E-02
     290  0.99160E-03-0.24068E-02  0.0000     0.26031E-02
     291  0.49844E-04-0.15914E-03  0.0000     0.16677E-03
     292  0.36113E-04-0.81862E-03  0.0000     0.81941E-03
     293  0.59376E-04-0.18851E-02  0.0000     0.18860E-02
     294 -0.11436E-03-0.21027E-03  0.0000     0.23936E-03
     295 -0.21301E-03-0.69580E-03  0.0000     0.72768E-03
     296 -0.19373E-03-0.13227E-02  0.0000     0.13368E-02
 
  ***** POST1 NODAL DEGREE OF FREEDOM LISTING *****                            
 
  LOAD STEP=     1  SUBSTEP=     1                                             
   TIME=    1.0000      LOAD CASE=   0                                         
 
  THE FOLLOWING DEGREE OF FREEDOM RESULTS ARE IN THE GLOBAL COORDINATE SYSTEM  
 
    NODE      UX          UY          UZ          USUM  
     297 -0.15670E-03-0.18974E-03  0.0000     0.24608E-03
     298 -0.25054E-03-0.49289E-03  0.0000     0.55291E-03
     299 -0.23259E-03-0.83112E-03  0.0000     0.86305E-03
     300 -0.15740E-03-0.10906E-03  0.0000     0.19149E-03
     301 -0.23465E-03-0.25375E-03  0.0000     0.34562E-03
     302 -0.20922E-03-0.39942E-03  0.0000     0.45090E-03
     303 -0.15459E-03 0.31728E-15  0.0000     0.15459E-03
     304 -0.22379E-03 0.53142E-15  0.0000     0.22379E-03
     305 -0.19575E-03 0.63011E-15  0.0000     0.19575E-03
     306 -0.15740E-03 0.10906E-03  0.0000     0.19149E-03
     307 -0.23465E-03 0.25375E-03  0.0000     0.34562E-03
     308 -0.20922E-03 0.39942E-03  0.0000     0.45090E-03
     309 -0.15670E-03 0.18974E-03  0.0000     0.24608E-03
     310 -0.25054E-03 0.49289E-03  0.0000     0.55291E-03
     311 -0.23259E-03 0.83112E-03  0.0000     0.86305E-03
     312 -0.11436E-03 0.21027E-03  0.0000     0.23936E-03
     313 -0.21301E-03 0.69580E-03  0.0000     0.72768E-03
     314 -0.19373E-03 0.13227E-02  0.0000     0.13368E-02
     315  0.49844E-04 0.15914E-03  0.0000     0.16677E-03
     316  0.36113E-04 0.81862E-03  0.0000     0.81941E-03
     317  0.59376E-04 0.18851E-02  0.0000     0.18860E-02
     318  0.41954E-03 0.83075E-04  0.0000     0.42769E-03
     319  0.76520E-03 0.88251E-03  0.0000     0.11681E-02
     320  0.99160E-03 0.24068E-02  0.0000     0.26031E-02

 MAXIMUM ABSOLUTE VALUES
 NODE        148          34           0         148
 VALUE   0.14605     0.41706E-01  0.0000     0.14605    

